-0.2218281036834925, -0.9889127092401313
-0.11432469304229198, -0.3709138043575779
-0.12687585266030016, -0.08080667464803137
-0.07776261937244203, -0.24351514139079944
-0.03628922237380633, -0.320142427139114
-0.0030013642564802323, -0.5510575307885777
0.015552523874488355, -0.6234095275217866
0.009549795361527946, -0.3377632999539064
0.011186903137789861, -0.2289012012262841
0.04229195088676668, -0.3782084002313979
0.06684856753069573, -0.17384834788849624
0.10559345156889488, -0.37295554874974135
0.09849931787175986, 0.08501390551673116
0.16398362892223733, 0.07668606323839189
0.22946793997271492, 0.6171110554271729
0.2463847203274216, 1.1070987740252989
0.14597544338335605, 1.1513118207719648
-0.07721691678035475, 0.6499150819945985
-0.017735334242837686, 0.8274602246537539
0.029740791268758504, 0.7146198179135226
0.0783083219645293, 0.5428348692819553
0.11487039563437923, 0.37091380435757715
0.11923601637107772, 0.321076679876134
0.04774897680763984, 0.3701527905386799
0.02537517053206001, 0.13860660225891142
0.004092769440654842, 0.09301383127148055
0.007366984993178671, 0.1973593439194683
0.010095497953615251, 0.383331322524462
0.02373806275579804, 0.42883747405283135
-0.023738062755798095, 0.16526064723297185
-0.05538881309686225, 0.3054913643492867
